latitude=19.060692
longitude=72.836250
